zip,donations,estimate,donations_per_1000
20601,1425,25517,55.84512285927029
20602,897,26550,33.78531073446327
20603,1449,31975,45.316653635652855
20606,21,374,56.14973262032086
20607,578,10843,53.30628054966338
20608,26,860,30.232558139534884
20609,48,1151,41.70286707211121
20611,35,1634,21.419828641370867
20612,146,203,719.2118226600985
20613,1242,14020,88.58773181169758
20615,156,421,370.54631828978626
20616,292,6389,45.703552981687274
20617,122,832,146.6346153846154
20618,111,406,273.3990147783251
20619,1321,15052,87.76242359819294
20620,163,1369,119.06501095690285
20621,39,960,40.625
20622,383,6887,55.61202265137215
20623,103,2997,34.367701034367705
20624,18,1409,12.7750177430802
20625,26,646,40.247678018575854
20626,16,304,52.63157894736842
20628,88,477,184.48637316561843
20630,57,301,189.3687707641196
20632,74,432,171.2962962962963
20634,2590,6478,399.8147576412473
20636,1831,10805,169.45858398889402
20637,1342,5751,233.3507216136324
20639,4060,15793,257.0759197112645
20640,1132,10333,109.55192102971063
20645,104,749,138.85180240320426
20646,5750,21951,261.9470639150836
20650,6687,14672,455.7660850599782
20653,2289,24274,94.29842629974458
20657,1350,19226,70.21741391865183
20658,11,848,12.971698113207548
20659,3755,23312,161.07584076870282
20660,2,0,Inf
20662,133,2876,46.24478442280946
20664,281,3462,81.16695551704217
20667,30,633,47.393364928909946
20670,19,1441,13.1852879944483
20674,209,848,246.46226415094338
20675,131,2017,64.94794248884482
20676,691,3848,179.57380457380455
20677,10510,2416,4350.165562913907
20678,2547,12261,207.7318326400783
20680,44,934,47.109207708779444
20684,75,1066,70.35647279549718
20685,1045,6942,150.5329876116393
20686,5,1775,2.8169014084507045
20687,7,448,15.625
20688,2245,1749,1283.5906232132647
20689,49,2081,23.546371936568956
20690,735,905,812.1546961325968
20692,20,899,22.24694104560623
20693,52,833,62.4249699879952
20695,426,8089,52.66411175670664
20701,15,92,163.04347826086956
20705,805,27663,29.100242200773597
20706,1107,43670,25.34920998397069
20707,1548,32798,47.197999878041344
20708,789,27843,28.33746363538412
20710,72,9553,7.536899403328797
20711,727,7413,98.07095642789695
20712,173,9608,18.005828476269777
20714,382,4683,81.5716421097587
20715,4184,27556,151.83626070547248
20716,1680,22237,75.54975940999235
20720,1111,22971,48.365330198946495
20721,535,29730,17.995290951900436
20722,233,5728,40.677374301675975
20723,1100,35411,31.06379373640959
20724,696,17513,39.741906012676296
20732,1193,9820,121.4867617107943
20733,781,2777,281.2387468491178
20735,1180,38220,30.87388801674516
20736,765,9248,82.72058823529412
20737,225,22295,10.091948867459072
20740,1193,31349,38.05544036492392
20742,1,6726,0.14867677668748142
20743,183,37888,4.830025337837838
20744,2353,54925,42.84023668639053
20745,1032,27790,37.13566030946384
20746,140,27041,5.1773233238415735
20747,375,40484,9.262918683924513
20748,653,38904,16.78490643635616
20751,672,2091,321.377331420373
20754,1336,7124,187.5350926445817
20755,167,10873,15.359146509702933
20758,135,451,299.33481152993346
20759,1027,5311,193.37224628130295
20762,48,3079,15.589477102955504
20763,71,1635,43.42507645259939
20764,462,3829,120.6581352833638
20765,522,407,1282.5552825552827
20769,210,6222,33.751205400192866
20770,496,24560,20.195439739413683
20772,1389,45321,30.64804395313431
20774,841,47165,17.831018763913917
20776,1963,3271,600.122286762458
20777,293,3687,79.4684024952536
20778,393,2079,189.03318903318902
20779,125,993,125.88116817724068
20781,158,11694,13.511202325979134
20782,7196,33398,215.46200371279716
20783,527,45302,11.633040483863848
20784,379,30270,12.520647505781302
20785,651,38878,16.74468851278358
20794,793,17939,44.20536261776019
20812,15,309,48.543689320388346
20814,2487,29021,85.69656455670031
20815,3805,30664,124.08687711974954
20816,2495,16316,152.91738171120372
20817,3009,37315,80.6378132118451
20818,316,1971,160.32470826991374
20832,3362,26437,127.17025381094679
20833,963,7369,130.68258922513232
20837,3241,6287,515.5081915062827
20838,24,302,79.47019867549669
20839,18,97,185.56701030927834
20841,744,11443,65.01791488246089
20842,136,1676,81.14558472553699
20850,5886,53176,110.6890326463066
20851,719,15489,46.42004002840726
20852,4380,46178,94.85036164407295
20853,2626,31061,84.54331798718651
20854,12131,49189,246.62017930838195
20855,2795,15287,182.83508863740434
20860,292,2855,102.276707530648
20861,257,1449,177.36369910282954
20862,70,341,205.27859237536657
20866,1219,16365,74.4882370913535
20868,122,780,156.4102564102564
20871,4612,18628,247.58428172643332
20872,1755,12603,139.25255891454415
20874,4528,61087,74.12379065922373
20876,3321,30778,107.90174800181948
20877,4482,38423,116.64888217994431
20878,6764,63030,107.31397747104555
20879,1423,26164,54.38770830148296
20880,2579,547,4714.808043875686
20882,2077,13988,148.48441521303977
20886,2666,34834,76.53442039386806
20895,1821,19026,95.71113213497318
20896,54,775,69.6774193548387
20901,1373,36278,37.846628810849545
20902,2665,52908,50.3704543736297
20903,587,27973,20.98452078790262
20904,3751,55275,67.86069651741293
20905,1413,18662,75.71535741078127
20906,5229,70749,73.90917186108638
20910,4974,44301,112.27737522855016
20912,343,26140,13.121652639632748
21001,1059,24752,42.78442146089205
21005,51,2872,17.75766016713092
21009,5140,29905,171.87761243939138
21010,4,211,18.95734597156398
21012,3137,21600,145.2314814814815
21013,1870,4768,392.1979865771812
21014,7659,36538,209.61738464064808
21015,4943,29199,169.28661940477414
21017,616,6983,88.2142345696692
21028,651,2783,233.9202299676608
21029,996,10895,91.4180816888481
21030,2511,24396,102.92670929660599
21031,3,0,Inf
21032,2557,8084,316.30380999505195
21034,196,3483,56.27332759115705
21035,1619,7957,203.46864396129195
21036,128,2112,60.60606060606061
21037,2560,21046,121.63831606956191
21040,1925,24166,79.65736985847884
21042,5156,41195,125.16082048792329
21043,6185,47351,130.62026145171168
21044,2871,44256,64.87255965292842
21045,2114,40365,52.37210454601759
21046,1732,15655,110.63557968700096
21047,1600,12266,130.44187184086093
21048,1342,10276,130.59556247567147
21050,2703,18123,149.1474921370634
21051,23,295,77.96610169491527
21052,33,211,156.39810426540285
21053,1337,3225,414.57364341085275
21054,1243,11199,110.99205286186267
21056,146,158,924.0506329113924
21057,803,4232,189.74480151228735
21060,2913,34899,83.46944038511133
21061,4334,53860,80.46787968808022
21071,73,581,125.64543889845095
21074,1937,15166,127.71989977581433
21075,1098,33726,32.55648461127913
21076,1184,17442,67.88212360967778
21077,3,276,10.869565217391305
21078,3100,18366,168.79015572253076
21082,236,656,359.7560975609756
21084,1880,7603,247.2708141523083
21085,2769,16055,172.46963562753038
21087,2194,5394,406.74823878383387
21090,912,9991,91.2821539385447
21093,9103,37996,239.5778503000316
21102,1820,11787,154.40739798082635
21104,1121,5762,194.55050329746615
21108,2665,18782,141.89117239910553
21111,900,5387,167.06886950064973
21113,2621,34473,76.03051663620805
21114,5108,27303,187.08566824158518
21117,3482,59301,58.71739093775822
21120,1165,7095,164.200140944327
21122,9814,61051,160.7508476519631
21128,1706,13985,121.9878441186986
21130,5,156,32.05128205128205
21131,986,7282,135.4023619884647
21132,1935,3232,598.700495049505
21133,853,33299,25.616384876422714
21136,5753,34177,168.3295783714194
21140,372,3564,104.37710437710437
21144,4088,35335,115.69265600679213
21146,4267,27555,154.8539285066231
21152,506,5462,92.64005858659831
21153,84,447,187.91946308724832
21154,1432,5804,246.7263955892488
21155,225,2532,88.86255924170617
21156,38,316,120.25316455696203
21157,4538,37749,120.21510503589498
21158,2036,20906,97.38830957619822
21160,432,2933,147.2894647118991
21161,855,5601,152.65131226566683
21162,327,4331,75.50219348880167
21163,2253,7030,320.4836415362731
21201,1094,17256,63.39823829392675
21202,492,21784,22.585383767903046
21204,8428,21545,391.18124854954743
21205,80,16239,4.926411724859905
21206,814,52020,15.647827758554403
21207,511,48872,10.455884760189884
21208,3218,35266,91.24936199172006
21209,1197,28309,42.283372778974886
21210,586,15553,37.67761846589082
21211,373,16370,22.785583384239462
21212,1784,33431,53.363644521551855
21213,222,31007,7.159673622085336
21214,930,21392,43.47419596110696
21215,1294,58283,22.2020143094899
21216,38,30179,1.2591537161602437
21217,524,33644,15.574842468196408
21218,1068,47555,22.45820628745663
21219,1407,9550,147.32984293193718
21220,6821,41051,166.15916786436384
21221,3435,42078,81.63410808498503
21222,3186,55212,57.704846772440774
21223,189,22392,8.440514469453376
21224,4252,49332,86.1915186896943
21225,1693,34363,49.268108139568724
21226,355,6247,56.82727709300464
21227,1904,33589,56.685224329393556
21228,8380,48196,173.87335048551748
21229,1451,45921,31.597743951569
21230,3292,34274,96.0494835735543
21231,156,15854,9.839788066103191
21234,4150,68381,60.689372778988314
21236,5367,39707,135.1650842420732
21237,1956,30129,64.92084038633875
21239,410,30424,13.476202997633449
21240,1,0,Inf
21244,549,36394,15.084904105072265
21250,2,2367,0.8449514152936206
21251,50,965,51.81347150259067
21252,4,2383,1.678556441460344
21286,3403,19849,171.44440525971083
21401,8690,38315,226.8041237113402
21402,64,6669,9.596641175588543
21403,3952,31377,125.95213054147943
21405,107,337,317.50741839762617
21409,4980,19931,249.86202398274045
21502,4775,42391,112.64183435163125
21520,98,2200,44.54545454545455
21521,33,1102,29.945553539019965
21522,1,233,4.291845493562231
21523,7,188,37.234042553191486
21524,20,775,25.806451612903224
21529,57,434,131.3364055299539
21530,89,1859,47.875201721355566
21531,246,1868,131.6916488222698
21532,2300,14726,156.18633709085972
21536,814,4123,197.42905651224837
21538,29,410,70.73170731707316
21539,32,2606,12.279355333844974
21540,1,102,9.803921568627452
21541,216,1421,152.00562983814214
21543,280,276,1014.4927536231885
21545,64,1740,36.7816091954023
21550,1221,14077,86.7372309440932
21555,98,1586,61.7906683480454
21557,69,1410,48.93617021276596
21561,323,2464,131.08766233766232
21562,73,3519,20.744529695936343
21601,3519,23399,150.39104235223726
21607,10,737,13.568521031207599
21610,22,433,50.80831408775981
21612,40,381,104.98687664041995
21613,1016,17132,59.304226009806214
21617,1393,10570,131.78807947019868
21619,1752,5964,293.7625754527163
21620,3547,12850,276.03112840466923
21622,47,854,55.03512880562061
21623,160,1989,80.44243338360987
21624,2,175,11.428571428571429
21625,181,2583,70.07355787843593
21628,76,448,169.64285714285714
21629,702,9396,74.71264367816093
21631,106,2814,37.668798862828716
21632,385,6078,63.34320500164528
21634,12,198,60.60606060606061
21635,909,1983,458.3963691376702
21636,140,1015,137.9310344827586
21638,688,5130,134.1130604288499
21639,299,5279,56.639515059670394
21640,21,1499,14.009339559706472
21643,129,5864,21.998635743519785
21644,21,90,233.33333333333334
21645,799,1261,633.624107850912
21647,2,288,6.944444444444444
21648,6,175,34.285714285714285
21649,11,1935,5.684754521963824
21650,36,246,146.34146341463415
21651,114,2894,39.39184519695923
21652,6,118,50.84745762711865
21653,5,143,34.96503496503497
21654,475,986,481.7444219066937
21655,911,4747,191.9106804297451
21657,81,910,89.01098901098901
21658,1085,3987,272.13443691999
21659,3060,1356,2256.637168141593
21660,318,4292,74.09133271202236
21661,1483,2487,596.3007639726578
21662,168,418,401.9138755980861
21663,1221,3424,356.60046728971963
21664,12,445,26.966292134831463
21665,55,215,255.8139534883721
21666,2612,12836,203.49018385789967
21667,5,292,17.123287671232877
21668,399,1816,219.7136563876652
21669,15,254,59.05511811023622
21671,57,984,57.926829268292686
21672,2,161,12.422360248447204
21673,188,3270,57.49235474006116
21675,1,90,11.11111111111111
21676,21,424,49.528301886792455
21677,128,446,286.99551569506724
21678,43,1842,23.344191096634095
21679,81,289,280.27681660899657
21701,6057,37017,163.62752248966692
21702,5174,41815,123.73550161425325
21703,2098,37473,55.98697729031569
21704,1240,16887,73.42926511517736
21705,33,3,11000
21710,301,4859,61.94690265486726
21711,27,1076,25.092936802973977
21713,1288,10728,120.05965697240866
21714,12,216,55.55555555555555
21716,540,5078,106.34107916502559
21717,54,77,701.2987012987013
21718,6,151,39.735099337748345
21719,58,1002,57.88423153692615
21722,317,5748,55.149617258176754
21723,215,759,283.2674571805007
21727,756,6792,111.30742049469964
21733,22,897,24.526198439241917
21734,64,816,78.43137254901961
21737,149,2462,60.519902518277824
21738,1641,3827,428.7954010974654
21740,41865,61768,677.7781375469498
21742,5487,33483,163.87420482035662
21746,9,3008,2.992021276595745
21750,165,3694,44.66702761234434
21754,1220,6667,182.9908504574771
21755,504,5603,89.95181152953775
21756,336,3056,109.9476439790576
21757,196,2793,70.17543859649122
21758,1294,5127,252.3893114881997
21762,53,202,262.3762376237624
21766,177,483,366.4596273291926
21767,271,650,416.9230769230769
21769,1570,11629,135.0073093129246
21770,723,5513,131.14456738617812
21771,6746,29901,225.61118357245576
21773,402,5431,74.01951758423864
21774,2844,13092,217.23189734188816
21776,1147,5516,207.94053662073966
21777,105,1868,56.20985010706638
21778,138,909,151.81518151815183
21779,121,1032,117.24806201550388
21780,106,1614,65.67534076827756
21782,271,4495,60.28921023359288
21783,718,8894,80.72858106588711
21784,6982,37365,186.85936036397698
21787,1154,10173,113.43753071856875
21788,986,11910,82.78757346767422
21791,1011,5245,192.75500476644422
21793,1537,10416,147.56144393241166
21794,384,2277,168.6429512516469
21795,917,9147,100.25144856237017
21797,2300,8873,259.21334385213567
21798,453,2057,220.22362664073893
21801,2279,29866,76.3075068639925
21802,43,90,477.77777777777783
21804,4477,40877,109.52369303031044
21810,75,814,92.13759213759214
21811,3477,24071,144.4476756262723
21813,503,2672,188.24850299401197
21814,5,268,18.656716417910445
21817,551,4515,122.0376522702104
21821,73,871,83.81171067738231
21822,182,1687,107.88381742738589
21824,8,101,79.20792079207921
21826,1033,5325,193.9906103286385
21829,6,401,14.962593516209475
21830,231,4060,56.896551724137936
21835,19,337,56.37982195845697
21837,85,3200,26.5625
21838,168,1657,101.38805069402534
21840,8,438,18.2648401826484
21841,80,1580,50.63291139240506
21842,6872,10655,644.9554199906148
21849,320,3577,89.46044171093095
21850,98,2935,33.39011925042589
21851,1760,6949,253.27385235285655
21853,189,11957,15.80664046165426
21856,116,875,132.57142857142856
21861,30,689,43.54136429608128
21862,7,90,77.77777777777779
21863,502,4657,107.79471762937513
21864,62,548,113.13868613138686
21865,553,594,930.9764309764311
21869,162,1145,141.48471615720524
21871,6748,2198,3070.063694267516
21872,67,379,176.7810026385224
21874,289,1874,154.2155816435432
21875,571,6676,85.53025763930496
21901,1807,16790,107.62358546754021
21903,722,5947,121.40575079872204
21904,429,7075,60.63604240282686
21911,2860,11130,256.96316262354
21912,116,1139,101.84372256365234
21913,40,880,45.45454545454545
21914,28,860,32.55813953488372
21915,262,2949,88.84367582231265
21917,138,2127,64.88011283497885
21918,682,3692,184.7237269772481
21919,193,2919,66.11853374443302
21920,8,491,16.293279022403258
21921,6986,46162,151.33659720116114
21930,1,132,7.575757575757576
